1
10.0000   10.0000   10.0000   10.0000   10.0000   10.0000   10.0000
10.0000   10.0000   10.0000   10.0000   10.0000   10.0000   10.0000
10.0000   10.0000   10.0000   10.0000   10.0000   10.0000   10.0000
10.0000   10.0000   10.0000   10.0000   10.0000   10.0000   10.0000
10.0000   10.0000   10.0000   10.0000   10.0000   10.0000   10.0000
10.0000   10.0000   10.0000   10.0000   10.0000   10.0000   10.0000
10.0000   10.0000   10.0000   10.0000   10.0000   10.0000   10.0000
10.0000   10.0000   10.0000   10.0000   10.0000   10.0000   10.0000
10.0000   10.0000   10.0000   10.0000   10.0000   10.0000   10.0000
10.0000   10.0000   10.0000   10.0000   10.0000   10.0000   10.0000
10.0000   10.0000   10.0000   10.0000   10.0000   10.0000   10.0000
10.0000   10.0000   10.0000   10.0000   10.0000   10.0000   10.0000
10.0000   10.0000   10.0000   10.0000   10.0000   10.0000   10.0000
10.0000   10.0000   10.0000   10.0000   10.0000   10.0000   10.0000
10.0000   10.0000   10.0000   10.0000   10.0000   10.0000   10.0000
10.0000   10.0000   10.0000   10.0000   10.0000   10.0000   10.0000
10.0000   10.0000   10.0000   10.0000   10.0000   10.0000   10.0000
10.0000   10.0000   10.0000   10.0000   10.0000   10.0000   10.0000
10.0000   10.0000   10.0000   10.0000   10.0000   10.0000   10.0000
10.0000   10.0000   10.0000   10.0000   10.0000   10.0000   10.0000

2
10.0000   10.0000   10.0000   10.0000   10.0000   10.0000   10.0000
10.0000   10.0000   10.0000   10.0000   10.0000   10.0000   10.0000
10.0000   10.0000   10.0000   10.0000   10.0000   10.0000   10.0000
10.0000   10.0000   10.0000   10.0000   10.0000   10.0000   10.0000
10.0000   10.0000   10.0000   10.0000   10.0000   10.0000   10.0000
10.0000   10.0000   10.0000   10.0000   10.0000   10.0000   10.0000
10.0000   10.0000   10.0000   10.0000   10.0000   10.0000   10.0000
10.0000   10.0000   10.0000   10.0000   10.0000   10.0000   10.0000
10.0000   10.0000   10.0000   10.0000   10.0000   10.0000   10.0000
10.0000   10.0000   10.0000   10.0000   10.0000   10.0000    9.9999
10.0000   10.0000   10.0000   10.0000   10.0000   10.0000    9.9999
10.0000   10.0000   10.0000   10.0000   10.0000   10.0000   10.0000
10.0000   10.0000   10.0000   10.0000   10.0000   10.0000   10.0000
10.0000   10.0000   10.0000   10.0000   10.0000   10.0000   10.0000
10.0000   10.0000   10.0000   10.0000   10.0000   10.0000   10.0000
10.0000   10.0000   10.0000   10.0000   10.0000   10.0000   10.0000
10.0000   10.0000   10.0000   10.0000   10.0000   10.0000   10.0000
10.0000   10.0000   10.0000   10.0000   10.0000   10.0000   10.0000
10.0000   10.0000   10.0000   10.0000   10.0000   10.0000   10.0000
10.0000   10.0000   10.0000   10.0000   10.0000   10.0000   10.0000

3
10.0000   10.0000   10.0000   10.0000   10.0000   10.0000   10.0000
10.0000   10.0000   10.0000   10.0000   10.0000   10.0000   10.0000
10.0000   10.0000   10.0000   10.0000   10.0000   10.0000   10.0000
10.0000   10.0000   10.0000   10.0000   10.0000   10.0000   10.0000
10.0000   10.0000   10.0000   10.0000   10.0000   10.0000   10.0000
10.0000   10.0000   10.0000   10.0000   10.0000   10.0000   10.0000
10.0000   10.0000   10.0000   10.0000   10.0000   10.0000   10.0000
10.0000   10.0000   10.0000   10.0000   10.0000   10.0000    9.9999
10.0000   10.0000   10.0000   10.0000   10.0000   10.0000    9.9998
10.0000   10.0000   10.0000   10.0000   10.0000   10.0000    9.9996
10.0000   10.0000   10.0000   10.0000   10.0000   10.0000    9.9996
10.0000   10.0000   10.0000   10.0000   10.0000   10.0000    9.9998
10.0000   10.0000   10.0000   10.0000   10.0000   10.0000    9.9999
10.0000   10.0000   10.0000   10.0000   10.0000   10.0000   10.0000
10.0000   10.0000   10.0000   10.0000   10.0000   10.0000   10.0000
10.0000   10.0000   10.0000   10.0000   10.0000   10.0000   10.0000
10.0000   10.0000   10.0000   10.0000   10.0000   10.0000   10.0000
10.0000   10.0000   10.0000   10.0000   10.0000   10.0000   10.0000
10.0000   10.0000   10.0000   10.0000   10.0000   10.0000   10.0000
10.0000   10.0000   10.0000   10.0000   10.0000   10.0000   10.0000

4
10.0000   10.0000   10.0000   10.0000   10.0000   10.0000   10.0000
10.0000   10.0000   10.0000   10.0000   10.0000   10.0000   10.0000
10.0000   10.0000   10.0000   10.0000   10.0000   10.0000   10.0000
10.0000   10.0000   10.0000   10.0000   10.0000   10.0000   10.0000
10.0000   10.0000   10.0000   10.0000   10.0000   10.0000   10.0000
10.0000    9.9999    9.9998    9.9998    9.9999   10.0000   10.0000
9.9998    9.9993    9.9988    9.9988    9.9993    9.9998    9.9999
9.9988    9.9965    9.9937    9.9937    9.9965    9.9988    9.9998
9.9965    9.9878    9.9736    9.9736    9.9878    9.9965    9.9993
9.9937    9.9736    9.9134    9.9134    9.9736    9.9937    9.9988
9.9937    9.9736    9.9134    9.9134    9.9736    9.9937    9.9988
9.9965    9.9878    9.9736    9.9736    9.9878    9.9965    9.9993
9.9988    9.9965    9.9937    9.9937    9.9965    9.9988    9.9998
9.9998    9.9993    9.9988    9.9988    9.9993    9.9998    9.9999
10.0000    9.9999    9.9998    9.9998    9.9999   10.0000   10.0000
10.0000   10.0000   10.0000   10.0000   10.0000   10.0000   10.0000
10.0000   10.0000   10.0000   10.0000   10.0000   10.0000   10.0000
10.0000   10.0000   10.0000   10.0000   10.0000   10.0000   10.0000
10.0000   10.0000   10.0000   10.0000   10.0000   10.0000   10.0000
10.0000   10.0000   10.0000   10.0000   10.0000   10.0000   10.0000

